# 35/150 iterations complete ✅ (10052.27s)
# Results saved to runs/detect/tune
# Best fitness=0.44126 observed at iteration 15
# Best fitness metrics are {'metrics/precision(B)': 0.68037, 'metrics/recall(B)': 0.63771, 'metrics/mAP50(B)': 0.68396, 'metrics/mAP50-95(B)': 0.41429, 'val/box_loss': 1.33221, 'val/cls_loss': 0.9979, 'val/dfl_loss': 1.08789, 'fitness': 0.44126}
# Best fitness model is runs/detect/train15
# Best fitness hyperparameters are printed below.

lr0: 0.00725
lrf: 0.00709
momentum: 0.83242
weight_decay: 0.00035
warmup_epochs: 1.78151
warmup_momentum: 0.87824
box: 7.58415
cls: 0.54355
dfl: 1.52573
hsv_h: 0.01123
hsv_s: 0.56554
hsv_v: 0.45826
degrees: 0.0
translate: 0.12503
scale: 0.53402
shear: 0.0
perspective: 0.0
flipud: 0.0
fliplr: 0.51352
mosaic: 0.58576
mixup: 0.0
copy_paste: 0.0
