# 100/150 iterations complete ✅ (28892.79s)
# Results saved to runs/detect/tune
# Best fitness=0.4631 observed at iteration 77
# Best fitness metrics are {'metrics/precision(B)': 0.74297, 'metrics/recall(B)': 0.63153, 'metrics/mAP50(B)': 0.71633, 'metrics/mAP50-95(B)': 0.43496, 'val/box_loss': 1.34022, 'val/cls_loss': 0.8324, 'val/dfl_loss': 1.23339, 'fitness': 0.4631}
# Best fitness model is runs/detect/train77
# Best fitness hyperparameters are printed below.

lr0: 0.00651
lrf: 0.00935
momentum: 0.93764
weight_decay: 0.00033
warmup_epochs: 2.38385
warmup_momentum: 0.77345
box: 7.80908
cls: 0.47805
dfl: 1.73602
hsv_h: 0.02227
hsv_s: 0.56633
hsv_v: 0.49306
degrees: 0.0
translate: 0.06745
scale: 0.39211
shear: 0.0
perspective: 0.0
flipud: 0.0
fliplr: 0.45893
mosaic: 0.98792
mixup: 0.0
copy_paste: 0.0
