# 27/150 iterations complete ✅ (7964.69s)
# Results saved to runs/detect/tune
# Best fitness=0.42162 observed at iteration 27
# Best fitness metrics are {'metrics/precision(B)': 0.63135, 'metrics/recall(B)': 0.63007, 'metrics/mAP50(B)': 0.65643, 'metrics/mAP50-95(B)': 0.39553, 'val/box_loss': 1.22757, 'val/cls_loss': 1.02175, 'val/dfl_loss': 0.8697, 'fitness': 0.42162}
# Best fitness model is runs/detect/train27
# Best fitness hyperparameters are printed below.

lr0: 0.00662
lrf: 0.00734
momentum: 0.89822
weight_decay: 0.00042
warmup_epochs: 3.02829
warmup_momentum: 0.87675
box: 6.94079
cls: 0.53571
dfl: 1.21219
hsv_h: 0.01589
hsv_s: 0.9
hsv_v: 0.37321
degrees: 0.0
translate: 0.10857
scale: 0.42803
shear: 0.0
perspective: 0.0
flipud: 0.0
fliplr: 0.3975
mosaic: 0.75916
mixup: 0.0
copy_paste: 0.0
