# 33/150 iterations complete ✅ (11304.03s)
# Results saved to runs/detect/tune
# Best fitness=0.46274 observed at iteration 15
# Best fitness metrics are {'metrics/precision(B)': 0.75033, 'metrics/recall(B)': 0.61297, 'metrics/mAP50(B)': 0.7099, 'metrics/mAP50-95(B)': 0.43528, 'val/box_loss': 1.2423, 'val/cls_loss': 0.77175, 'val/dfl_loss': 1.10095, 'fitness': 0.46274}
# Best fitness model is runs/detect/train15
# Best fitness hyperparameters are printed below.

lr0: 0.00858
lrf: 0.00968
momentum: 0.98
weight_decay: 0.00027
warmup_epochs: 2.8584
warmup_momentum: 0.81956
box: 7.25992
cls: 0.44267
dfl: 1.55835
hsv_h: 0.01504
hsv_s: 0.88726
hsv_v: 0.35724
degrees: 0.0
translate: 0.09251
scale: 0.51998
shear: 0.0
perspective: 0.0
flipud: 0.0
fliplr: 0.37639
mosaic: 0.96336
mixup: 0.0
copy_paste: 0.0
