# 100/100 iterations complete ✅ (33475.60s)
# Results saved to runs/detect/tune
# Best fitness=0.45222 observed at iteration 23
# Best fitness metrics are {'metrics/precision(B)': 0.72236, 'metrics/recall(B)': 0.59815, 'metrics/mAP50(B)': 0.69494, 'metrics/mAP50-95(B)': 0.42525, 'val/box_loss': 1.47371, 'val/cls_loss': 1.1956, 'val/dfl_loss': 0.8307, 'fitness': 0.45222}
# Best fitness model is runs/detect/train23
# Best fitness hyperparameters are printed below.

lr0: 0.00855
lrf: 0.00955
momentum: 0.80412
weight_decay: 0.00063
warmup_epochs: 4.86038
warmup_momentum: 0.72715
box: 8.27923
cls: 0.65443
dfl: 1.15313
hsv_h: 0.01206
hsv_s: 0.50237
hsv_v: 0.44233
degrees: 0.0
translate: 0.13942
scale: 0.39547
shear: 0.0
perspective: 0.0
flipud: 0.0
fliplr: 0.57606
mosaic: 0.95558
mixup: 0.0
copy_paste: 0.0
