# 105/150 iterations complete ✅ (31027.52s)
# Results saved to runs/detect/tune
# Best fitness=0.41364 observed at iteration 96
# Best fitness metrics are {'metrics/precision(B)': 0.53215, 'metrics/recall(B)': 0.64238, 'metrics/mAP50(B)': 0.63667, 'metrics/mAP50-95(B)': 0.38886, 'val/box_loss': 0.48744, 'val/cls_loss': 1.03837, 'val/dfl_loss': 1.31593, 'fitness': 0.41364}
# Best fitness model is runs/detect/train96
# Best fitness hyperparameters are printed below.

lr0: 0.00254
lrf: 0.01637
momentum: 0.86232
weight_decay: 0.0005
warmup_epochs: 2.84335
warmup_momentum: 0.75508
box: 2.73217
cls: 0.53388
dfl: 1.85049
hsv_h: 0.00949
hsv_s: 0.84265
hsv_v: 0.45086
degrees: 0.0
translate: 0.06881
scale: 0.21361
shear: 0.0
perspective: 0.0
flipud: 0.0
fliplr: 0.58297
mosaic: 0.56147
mixup: 0.0
copy_paste: 0.0
