# 100/100 iterations complete ✅ (32147.70s)
# Results saved to runs/detect/tune
# Best fitness=0.46361 observed at iteration 96
# Best fitness metrics are {'metrics/precision(B)': 0.68979, 'metrics/recall(B)': 0.63795, 'metrics/mAP50(B)': 0.70591, 'metrics/mAP50-95(B)': 0.43669, 'val/box_loss': 1.10105, 'val/cls_loss': 1.12625, 'val/dfl_loss': 1.16614, 'fitness': 0.46361}
# Best fitness model is runs/detect/train96
# Best fitness hyperparameters are printed below.

lr0: 0.00739
lrf: 0.00751
momentum: 0.95414
weight_decay: 0.00023
warmup_epochs: 3.3366
warmup_momentum: 0.78991
box: 6.47008
cls: 0.63868
dfl: 1.64919
hsv_h: 0.0111
hsv_s: 0.72862
hsv_v: 0.27976
degrees: 0.0
translate: 0.10336
scale: 0.57736
shear: 0.0
perspective: 0.0
flipud: 0.0
fliplr: 0.35254
mosaic: 0.94259
mixup: 0.0
copy_paste: 0.0
