# 120/120 iterations complete ✅ (42232.52s)
# Results saved to runs/detect/tune
# Best fitness=0.4748 observed at iteration 78
# Best fitness metrics are {'metrics/precision(B)': 0.70558, 'metrics/recall(B)': 0.64069, 'metrics/mAP50(B)': 0.71263, 'metrics/mAP50-95(B)': 0.44837, 'val/box_loss': 1.1433, 'val/cls_loss': 0.84845, 'val/dfl_loss': 1.29242, 'fitness': 0.4748}
# Best fitness model is runs/detect/train78
# Best fitness hyperparameters are printed below.

lr0: 0.00929
lrf: 0.00969
momentum: 0.90033
weight_decay: 0.00026
warmup_epochs: 2.25945
warmup_momentum: 0.74294
box: 6.85658
cls: 0.50185
dfl: 1.82862
hsv_h: 0.01495
hsv_s: 0.88238
hsv_v: 0.35123
degrees: 0.0
translate: 0.09854
scale: 0.47414
shear: 0.0
perspective: 0.0
flipud: 0.0
fliplr: 0.47349
mosaic: 0.67844
mixup: 0.0
copy_paste: 0.0
